7b6ea0c680b25aa21d4629e8a7bcf3e1	AmphiBac_6953	100.0	120	0	0	1	120	1	1405	-1	0
d4ec57f20a73b04d5222053fd28f88b1	AmphiBac_1576	100.0	120	0	0	1	120	1	1356	-1	0
94ca1389331a3a9230237844cfd545f6	AmphiBac_6714	100.0	120	0	0	1	120	1	919	-1	0
94f0270bf61e49c97e7fb34688750dce	AmphiBac_7085	99.2	120	1	0	1	120	1	1359	-1	0
592d5efeb0a3464332b2cfc17efd4c2a	AmphiBac_3145	100.0	120	0	0	1	120	1	1284	-1	0
149bd003afc4f4dcb1ce23429c8918fb	AmphiBac_729	100.0	120	0	0	1	120	1	1201	-1	0
b58bead66d971c35ff62b325ce343f1a	AmphiBac_2821	99.2	120	1	0	1	120	1	1393	-1	0
66bba55a43e01d9f807137c1bfc100c4	AmphiBac_3243	100.0	120	0	0	1	120	1	1391	-1	0
056c62f6b9027eef67e58b45d8df3152	AmphiBac_6530	99.2	120	1	0	1	120	1	1396	-1	0
0310f41e594c49368dde5c5993a7a5d0	AmphiBac_4038	100.0	120	0	0	1	120	1	614	-1	0
c3d9608c9ea001108c947c63206a8bd0	AmphiBac_6557	99.2	120	1	0	1	120	1	1389	-1	0
ccd043d34cee4400e781b9bce6d4c1ea	AmphiBac_6571	100.0	120	0	0	1	120	1	1169	-1	0
626b8ee112be0ec208bb16445611d001	AmphiBac_6940	100.0	120	0	0	1	120	1	1352	-1	0
76d2032108822bcfaa90a4873f7a51aa	AmphiBac_1843	100.0	120	0	0	1	120	1	1285	-1	0
1b448e00c078f81e49a61933072345d2	AmphiBac_4007	100.0	120	0	0	1	120	1	574	-1	0
1b75626f6834620dc2c729a1a81f497a	AmphiBac_447	100.0	120	0	0	1	120	1	1399	-1	0
2ca928ad9749bb9726c35d6528fefec1	AmphiBac_2960	100.0	120	0	0	1	120	1	1349	-1	0
4fe49fe5c1015cb0a948e5b8a085d860	AmphiBac_4015	100.0	120	0	0	1	120	1	574	-1	0
a0556fe2daec24774a52f3eb2ce640ff	AmphiBac_6737	100.0	120	0	0	1	120	1	927	-1	0
9079bfebcce01d4b5c758067b1208c31	AmphiBac_176	100.0	120	0	0	1	120	1	617	-1	0
b2a55a67b1b01527188e04a2f46cbc97	AmphiBac_5506	99.2	120	1	0	1	120	1	1371	-1	0
3aa3fdf90e8ca4ed62574ec23d729cf3	AmphiBac_5538	99.2	120	1	0	1	120	1	1231	-1	0
3253177a44672689e4e154e842d63e35	AmphiBac_1334	100.0	120	0	0	1	120	1	1267	-1	0
1265a5fd99ef2f6617e287b72d282fbe	AmphiBac_223	99.2	120	1	0	1	120	1	833	-1	0
c7f931f8f5d96c9e1a41396c681d506c	AmphiBac_6714	99.2	120	1	0	1	120	1	919	-1	0
18ab4c3c6f7a58d6afe5b3381633187f	AmphiBac_6737	99.2	120	1	0	1	120	1	927	-1	0
be8e715722c0b6882524b555f37dd64f	AmphiBac_1574	100.0	120	0	0	1	120	1	1352	-1	0
9cb2dba9181343c86481182f25706b15	AmphiBac_5538	99.2	120	1	0	1	120	1	1231	-1	0
f94c7ece186cc9ac20e607ffc0fe0b37	AmphiBac_782	99.2	120	1	0	1	120	1	863	-1	0
1b963d0d7457ac133aed9497f03b5a64	AmphiBac_7085	100.0	120	0	0	1	120	1	1359	-1	0
7d452c3b0607078cc0e3a227cdf33b08	AmphiBac_4020	100.0	120	0	0	1	120	1	597	-1	0
e75a9142542348247ae7922dfe3e793b	AmphiBac_7085	99.2	120	1	0	1	120	1	1359	-1	0
3f157dc6113e037ad1f06cabb79ae120	AmphiBac_35	100.0	120	0	0	1	120	1	1337	-1	0
b8f0c34fa9dd273b79f9f325e3699b42	AmphiBac_1156	100.0	70	0	0	1	120	1	761	-1	0
2da9056624517c4361a0172bd7b61b51	AmphiBac_2960	99.2	120	1	0	1	120	1	1349	-1	0
7feff9e1438dc18514fa2d7dc63faf75	AmphiBac_6737	99.2	120	1	0	1	120	1	927	-1	0
0f2a155a57fe6d0bf34767080706b3e1	AmphiBac_6777	100.0	120	0	0	1	120	1	579	-1	0
2cec2792e54f61e12e1a0b2507826118	AmphiBac_892	100.0	120	0	0	1	120	1	1402	-1	0
955d8fcbb35e8bc04c8df0c6aae34d34	AmphiBac_6947	100.0	120	0	0	1	120	1	1350	-1	0
b5e382ec0c83b5b73d986c0ccaf56049	AmphiBac_3134	99.2	120	1	0	1	120	1	1341	-1	0
8f47c52f52448b1ce5eef1903457ebda	AmphiBac_5584	100.0	120	0	0	1	120	1	1353	-1	0
ecbf086d6ccbe5e8c2a69d0afb144662	AmphiBac_921	100.0	120	0	0	1	120	1	1296	-1	0
b901052d2411ea898be450af4a818744	AmphiBac_921	99.2	120	1	0	1	120	1	1296	-1	0
21547dea313872e43136dfe1a766b530	AmphiBac_5538	99.2	120	1	0	1	120	1	1231	-1	0
81080b8b4da65136cb40db25a225fb39	AmphiBac_6975	100.0	120	0	0	1	120	1	1324	-1	0
8297ecfbefb88deebc12e6ef3b0d9faf	AmphiBac_1393	100.0	118	0	0	1	120	1	916	-1	0
4a9d86347eec1c4be63ffa0a8d4f8082	AmphiBac_691	99.2	120	1	0	1	120	1	1231	-1	0
8992381f7d3d5af45d162e2f4b38d01b	AmphiBac_5538	100.0	120	0	0	1	120	1	1231	-1	0
1bc19dc84893f201ac9a065cbf69e206	AmphiBac_1472	99.2	120	1	0	1	120	1	1347	-1	0
0cd4dcb7c9fe4438be5b6ab7a0254d6e	AmphiBac_6798	100.0	120	0	0	1	120	1	751	-1	0
1a2e5d81ce3bd79080640568b266032c	AmphiBac_6055	99.2	120	1	0	1	120	1	583	-1	0
6013a4618dd16c1f100b084d722a817d	AmphiBac_6965	100.0	120	0	0	1	120	1	1391	-1	0
909755d7142ea53c7f61c97c3586f26c	AmphiBac_1780	100.0	120	0	0	1	120	1	1292	-1	0
5747992ec8974831558f048e9924dad4	AmphiBac_782	100.0	120	0	0	1	120	1	863	-1	0
4d569cf8a71662c9ccadc160279b1e27	AmphiBac_255	100.0	120	0	0	1	120	1	1356	-1	0
e0f1938338e6f9b8cf8408e672ee6cd1	AmphiBac_1472	100.0	120	0	0	1	120	1	1347	-1	0
87d980b22c65ae7843e271b7561e1f23	AmphiBac_4022	99.2	120	1	0	1	120	1	574	-1	0
49161e15ee38a9c1a19460a62567311a	AmphiBac_1403	99.2	120	1	0	1	120	1	861	-1	0
a54095a893fd5abc045d162bbe20644a	AmphiBac_5506	99.2	120	1	0	1	120	1	1371	-1	0
fea8bdad574e4aa7a28274438ae570bd	AmphiBac_1426	100.0	120	0	0	1	120	1	1372	-1	0
7a65a3e1f8853c30d9be0b664420f83f	AmphiBac_1171	100.0	81	0	0	1	120	1	785	-1	0
6be678de197b54f9a04f6c984b91ef22	AmphiBac_3192	100.0	120	0	0	1	120	1	1352	-1	0
5b84a986e88b03272cd408e92b0a8d7a	AmphiBac_638	100.0	120	0	0	1	120	1	1365	-1	0
bf155aa205fb8ec2b4a6d1edafbbfd1c	AmphiBac_480	100.0	120	0	0	1	120	1	1205	-1	0
6f384c926424d43c215fbe9337d55324	AmphiBac_1156	100.0	70	0	0	1	120	1	761	-1	0
2e714bf1e0de0aa2e3274bf00c6c9a8b	AmphiBac_5506	99.2	120	1	0	1	120	1	1371	-1	0
185df2b73b4805164470dfaea2d05223	AmphiBac_500	100.0	120	0	0	1	120	1	1234	-1	0
dd647a2d290cee6ae5c1f050f80cfae0	AmphiBac_1309	99.2	120	1	0	1	120	1	926	-1	0
df2710bd9e52ce1175c95efd4b71eee6	AmphiBac_6011	99.2	120	1	0	1	120	1	614	-1	0
5b57784f4200c571f743fc0ae9b2a8f4	AmphiBac_165	100.0	120	0	0	1	120	1	666	-1	0
0b925631436d3775231b60f9d0011cae	AmphiBac_7046	100.0	120	0	0	1	120	1	1352	-1	0
c1fa3fc4d07fb84e65a1786194124e2d	AmphiBac_5989	100.0	120	0	0	1	120	1	587	-1	0
8b111e12f8f73205bac732c7479a97e8	AmphiBac_6730	100.0	120	0	0	1	120	1	862	-1	0
d1c7ee5172f16dda522e46aaa4e5fa79	AmphiBac_1478	100.0	120	0	0	1	120	1	1388	-1	0
f9661b31af9bae475453b8806d0d3c7d	AmphiBac_5546	100.0	120	0	0	1	120	1	1253	-1	0
13692c41b4bf5d577c28c278caafcddb	AmphiBac_6815	100.0	120	0	0	1	120	1	558	-1	0
4075a90811bf9c19f02f5aa2ece6da37	AmphiBac_6768	100.0	120	0	0	1	120	1	942	-1	0
92a2aee69fff257365a979f636e42540	AmphiBac_43	100.0	120	0	0	1	120	1	1206	-1	0
5d3703e3db05bd94c9e1f2c2fcf6464b	AmphiBac_1472	99.2	121	0	1	1	120	1	1347	-1	0
27b17ef6b6cc1dbfd568bb125376dbf8	AmphiBac_6947	99.2	120	1	0	1	120	1	1350	-1	0
14d168c89e381de6fc3091837a557e48	AmphiBac_3134	100.0	120	0	0	1	120	1	1341	-1	0
841e54f5c589e9210fda6ce7f2de4f9b	AmphiBac_223	100.0	120	0	0	1	120	1	833	-1	0
4279a54f9fdad371723e1ac887c4c7a2	AmphiBac_4020	99.2	120	1	0	1	120	1	597	-1	0
b583cee3d8f7f9a9f99b1c4cc36c37c2	AmphiBac_907	99.2	120	1	0	1	120	1	1404	-1	0
d7ba3489a833a068745fd61c724e47f9	AmphiBac_6827	100.0	120	0	0	1	120	1	859	-1	0
d30b3fb9c1dc7d9f0d4bd6ce8e975238	AmphiBac_1213	100.0	78	0	0	1	120	1	756	-1	0
27aabad23d65f34b05066db55832b9ad	AmphiBac_3308	99.2	120	1	0	1	120	1	1361	-1	0
919919ab8cc8abc63e77b3f3c78bd1e9	AmphiBac_5574	100.0	120	0	0	1	120	1	1197	-1	0
9d674323ad3b01d1540783f56343930e	AmphiBac_5989	99.2	120	1	0	1	120	1	587	-1	0
8f71c4e65b0a22a4fd0ff23ce996c37e	AmphiBac_6073	100.0	120	0	0	1	120	1	574	-1	0
302b193a5b38db4ca6ede3be8b53a2d7	AmphiBac_7085	99.2	120	1	0	1	120	1	1359	-1	0
7baa6e8d809efce36780263cd14e2cc2	AmphiBac_729	99.2	120	1	0	1	120	1	1201	-1	0
32a0909ab16d9b2bda7034d8114b6d04	AmphiBac_3145	99.2	120	1	0	1	120	1	1284	-1	0
7c4308548e5eca52f595e903b3916bc0	AmphiBac_3145	99.2	120	1	0	1	120	1	1284	-1	0
15fad5e0fd926d746813751d27d12ab4	AmphiBac_6551	99.2	120	1	0	1	120	1	1392	-1	0
3d662e1ddbec3e82090863961b264c8f	AmphiBac_176	99.2	120	1	0	1	120	1	617	-1	0
a887ec2090ed746cdb5a5ae42a186a98	AmphiBac_6786	100.0	120	0	0	1	120	1	625	-1	0
e09bbf67ced1b7aa4898687f47d50ecd	AmphiBac_449	99.2	120	1	0	1	120	1	1378	-1	0
271ef157f6d986b61087c876992bd677	AmphiBac_4011	100.0	120	0	0	1	120	1	575	-1	0
90816e3599ff123163a84967dba9151d	AmphiBac_176	99.2	120	1	0	1	120	1	617	-1	0
9e547cfda3a98b4cd5b43818fdd95183	AmphiBac_6953	99.2	120	1	0	1	120	1	1405	-1	0
436a0099fc6526594ce2910f3b6a7cb4	AmphiBac_1559	99.2	120	1	0	1	120	1	1390	-1	0
47be834b0f9232d552e00a36fb3c626b	AmphiBac_6801	100.0	120	0	0	1	120	1	896	-1	0
49a9498ac901517d0f35ee5097dd17c3	AmphiBac_176	99.2	120	1	0	1	120	1	617	-1	0
40cebed2a2a6465700df2d1713a40126	AmphiBac_6736	100.0	120	0	0	1	120	1	841	-1	0
be6c2703e8a24e8d4e2a24fc7ee0aecd	AmphiBac_918	100.0	120	0	0	1	120	1	1371	-1	0
4f5fea81ede431a1cac72e3583f8dbfd	AmphiBac_2821	100.0	120	0	0	1	120	1	1393	-1	0
da710789d922472b37837317e4567e27	AmphiBac_35	99.2	120	1	0	1	120	1	1337	-1	0
cdf2785313ab5950e9e6dff793c80f6e	AmphiBac_3192	99.2	120	1	0	1	120	1	1352	-1	0
5423ef803850a519dd3a59044d047810	AmphiBac_2968	99.2	120	1	0	1	120	1	1392	-1	0
22aac4d55f0eb2f5705c47ea1d119e0b	AmphiBac_7085	99.2	120	1	0	1	120	1	1359	-1	0
38b8c8550489d7bd6f1ee86984d6aea9	AmphiBac_739	100.0	120	0	0	1	120	1	1339	-1	0
3b2714cd4a303c89945ad85145febf04	AmphiBac_5988	99.2	120	1	0	1	120	1	587	-1	0
f58381616bba30a8778f0c73acd74ade	AmphiBac_6714	99.2	120	1	0	1	120	1	919	-1	0
f26ad6616d8699ddb7ed94ff1d60f310	AmphiBac_165	99.2	120	1	0	1	120	1	666	-1	0
a6735a0273c14732cb3d1787ce664a38	AmphiBac_1560	99.2	120	1	0	1	120	1	1342	-1	0
f71ab06c7a613f822fea457700f73661	AmphiBac_6965	99.2	120	1	0	1	120	1	1391	-1	0
7f7af247c8d8d56756c57a499efa3a7b	AmphiBac_3145	99.2	120	1	0	1	120	1	1284	-1	0
03d998d8de8402d1d75446db9407c316	AmphiBac_6714	99.2	120	1	0	1	120	1	919	-1	0
69fb8fb74572e561e8f2c324aaba524d	AmphiBac_3145	99.2	120	1	0	1	120	1	1284	-1	0
7f4909ae8d31a3995fa2c200c690a21f	AmphiBac_6010	100.0	120	0	0	1	120	1	597	-1	0
35b6dde81c92eb7f66ca9f741da3514e	AmphiBac_7052	100.0	120	0	0	1	120	1	622	-1	0
bc3fcb2b5f5f53acd72beef5c8099a3b	AmphiBac_170	100.0	120	0	0	1	120	1	656	-1	0
e54bcf1c8ec24811e7c355b8d82fa59e	AmphiBac_2963	100.0	120	0	0	1	120	1	1384	-1	0
1e79c99ee01b747ac38b8288f163386c	AmphiBac_1324	100.0	120	0	0	1	120	1	1361	-1	0
981098b341dfcdfe28535268254a075c	AmphiBac_223	99.2	120	1	0	1	120	1	833	-1	0
c205811ffbe5417d766640f40c9bcea5	AmphiBac_6975	99.2	120	1	0	1	120	1	1324	-1	0
ce0c2603d676b7be08562a52440d2746	AmphiBac_5509	100.0	120	0	0	1	120	1	1218	-1	0
5566f8f95ac1c22aa6ae00b2a902d5c6	AmphiBac_7085	99.2	120	1	0	1	120	1	1359	-1	0
c72bf4270651a265d945ed71c733243d	AmphiBac_6714	99.2	120	1	0	1	120	1	919	-1	0
39fa77a65a2f70834598f5a50dc8047f	AmphiBac_1430	99.2	120	1	0	1	120	1	1390	-1	0
762969ba3e9e5dd187ad831199798d8c	AmphiBac_1472	99.2	120	1	0	1	120	1	1347	-1	0
84ced895b032388119820d8d11eea087	AmphiBac_3151	100.0	120	0	0	1	120	1	1365	-1	0
eb563f2ca3ac001b1aa16f7624af2e2b	AmphiBac_5538	99.2	120	1	0	1	120	1	1231	-1	0
73c192e21bff650c08b0deab0a2b9cab	AmphiBac_5574	99.2	120	1	0	1	120	1	1197	-1	0
6c8d2dc8d376fcd08ff51eb1d62b17ba	AmphiBac_1472	99.2	120	1	0	1	120	1	1347	-1	0
dde611df2a698ee9525393345f49b8cb	AmphiBac_4020	99.2	120	1	0	1	120	1	597	-1	0
46c13081c77c8224a3302dc905780f0a	AmphiBac_1403	99.2	120	1	0	1	120	1	861	-1	0
2a589939be897d1c98adbe25851c3fad	AmphiBac_1472	99.2	120	1	0	1	120	1	1347	-1	0
6a7a641e95613ad480cc5d4225b6a6e7	AmphiBac_3157	99.2	120	0	1	1	120	1	1371	-1	0
8f65e17f8c9dabdd26e0ed5727106877	AmphiBac_5546	99.2	120	1	0	1	120	1	1253	-1	0
4715ca5231af58b3a42cec36c0085e96	AmphiBac_1440	100.0	120	0	0	1	120	1	1404	-1	0
d2cf7a636146487f1a03420ab42a8e88	AmphiBac_5559	99.2	120	1	0	1	120	1	1234	-1	0
86963ab44460d14337167a46e8b04576	AmphiBac_6714	99.2	120	1	0	1	120	1	919	-1	0
c8a148769878521a7b82d4e7bbaa50b3	AmphiBac_6965	99.2	120	1	0	1	120	1	1391	-1	0
063fa4f5a6fa894f7f8243468324ac5e	AmphiBac_638	99.2	120	1	0	1	120	1	1365	-1	0
0689c1de299d137605a1957e46052742	AmphiBac_1574	99.2	120	1	0	1	120	1	1352	-1	0
ef99db78272f0d5d5c96ea8bf606671f	AmphiBac_729	99.2	121	0	1	1	120	1	1201	-1	0
b51a3acdee183a7be871a375090d497a	AmphiBac_729	99.2	121	0	1	1	120	1	1201	-1	0
75365923dbc6f185395426a52a9d419e	AmphiBac_6953	99.2	120	1	0	1	120	1	1405	-1	0
06ca024f0089187390702ba84e90347a	AmphiBac_729	99.2	120	1	0	1	120	1	1201	-1	0
0b00f5fcae9fd879ede164f83dfde76c	AmphiBac_7085	99.2	120	1	0	1	120	1	1359	-1	0
76e7147ded57f9c41b7ca0dfe7ed446a	AmphiBac_6737	99.2	120	1	0	1	120	1	927	-1	0
ebbdecd7b752d578be0f191dae329196	AmphiBac_3145	99.2	120	1	0	1	120	1	1284	-1	0
f96b4155ecb40464a7b337d6f4c0439d	AmphiBac_1574	99.2	120	1	0	1	120	1	1352	-1	0
b9b86bcccc30081efc904be96c13d061	AmphiBac_928	100.0	120	0	0	1	120	1	1295	-1	0
bcb349a220a0c33a6b780dbc29a25f71	AmphiBac_1472	99.2	120	1	0	1	120	1	1347	-1	0
08c2cef82a74b18260f1799210820e5e	AmphiBac_5559	99.2	120	1	0	1	120	1	1234	-1	0
1ba8da19440f7d07a90474c0be921f72	AmphiBac_4011	99.2	120	1	0	1	120	1	575	-1	0
e910503ed77a8702c2f72204796aa6de	AmphiBac_7085	99.2	120	1	0	1	120	1	1359	-1	0
515744f3c53e18e5b5dcd3b92e19a881	AmphiBac_3145	99.2	120	1	0	1	120	1	1284	-1	0
3003b27a364e057e893c58b8dbcb133d	AmphiBac_165	99.2	120	1	0	1	120	1	666	-1	0
a46cc5ebb64da693cee1a53460dcf705	AmphiBac_500	99.2	120	1	0	1	120	1	1234	-1	0
f98f5319f4f91038cb83199e9a6d083b	AmphiBac_6714	99.2	120	1	0	1	120	1	919	-1	0
cff4eaed9ea498d7a552a5582392c742	AmphiBac_1426	99.2	120	1	0	1	120	1	1372	-1	0
e95f79a3ac85f90390bdce617644c1e4	AmphiBac_1426	99.2	120	1	0	1	120	1	1372	-1	0
e5d82171048c4fa5ca94cf99b01c283e	AmphiBac_729	99.2	120	1	0	1	120	1	1201	-1	0
3630cdc6816af77020dcddc019aea55a	AmphiBac_6798	99.2	120	1	0	1	120	1	751	-1	0
a42b625aa4a19cbba7d37f5ee6bb76c4	AmphiBac_3145	99.2	120	1	0	1	120	1	1284	-1	0
18cf44338aecd9040fb93065e244a4cb	AmphiBac_3243	99.2	120	1	0	1	120	1	1391	-1	0
0ee0a3cc2b185e828aed755ae41df667	AmphiBac_6055	99.2	120	1	0	1	120	1	583	-1	0
